1.000000 0.000000
1.000000 0.000000
1.000000 0.000000
1.000000 0.000000
1.000000 0.000000
1.000000 0.000000
1.000000 0.000000
1.000000 0.000000
1.000000 0.000000
1.000000 0.000000
1.000000 106.528056
1.000000 106.528056
1.000000 106.528056
1.000000 106.528056
1.000000 106.528056
1.000000 106.528056
1.000000 106.528056
1.000000 106.528056
1.000000 106.528056
1.000000 106.528056
1.000000 213.056113
1.000000 213.056113
1.000000 213.056113
1.000000 213.056113
1.000000 213.056113
1.000000 213.056113
1.000000 213.056113
1.000000 213.056113
1.000000 213.056113
1.000000 213.056113
1.000000 319.584169
1.000000 319.584169
1.000000 319.584169
1.000000 319.584169
1.000000 319.584169
1.000000 319.584169
1.000000 319.584169
1.000000 319.584169
1.000000 319.584169
1.000000 319.584169
1.000000 426.112226
1.000000 426.112226
1.000000 426.112226
1.000000 426.112226
1.000000 426.112226
1.000000 426.112226
1.000000 426.112226
1.000000 426.112226
1.000000 426.112226
1.000000 426.112226
1.000000 532.640282
1.000000 532.640282
1.000000 532.640282
1.000000 532.640282
1.000000 532.640282
1.000000 532.640282
1.000000 532.640282
1.000000 532.640282
1.000000 532.640282
1.000000 532.640282
1.000000 639.168338
1.000000 639.168338
1.000000 639.168338
1.000000 639.168338
1.000000 639.168338
1.000000 639.168338
1.000000 639.168338
1.000000 639.168338
1.000000 639.168338
1.000000 639.168338
1.000000 745.696395
1.000000 745.696395
1.000000 745.696395
1.000000 745.696395
1.000000 745.696395
1.000000 745.696395
1.000000 745.696395
1.000000 745.696395
1.000000 745.696395
1.000000 745.696395
1.000000 852.224451
1.000000 852.224451
1.000000 852.224451
1.000000 852.224451
1.000000 852.224451
1.000000 852.224451
1.000000 852.224451
1.000000 852.224451
1.000000 852.224451
1.000000 852.224451
1.000000 958.752507
1.000000 958.752507
1.000000 958.752507
1.000000 958.752507
1.000000 958.752507
1.000000 958.752507
1.000000 958.752507
1.000000 958.752507
1.000000 958.752507
1.000000 958.752507
