1.000000 0.000000
1.000000 0.000000
1.000000 0.000000
1.000000 0.000000
1.000000 0.000000
1.000000 0.000000
1.000000 0.000000
1.000000 0.000000
1.000000 0.000000
1.000000 0.000000
1.000000 80.613643
1.000000 80.613643
1.000000 80.613643
1.000000 80.613643
1.000000 80.613643
1.000000 80.613643
1.000000 80.613643
1.000000 80.613643
1.000000 80.613643
1.000000 80.613643
1.000000 161.227287
1.000000 161.227287
1.000000 161.227287
1.000000 161.227287
1.000000 161.227287
1.000000 161.227287
1.000000 161.227287
1.000000 161.227287
1.000000 161.227287
1.000000 161.227287
1.000000 241.840930
1.000000 241.840930
1.000000 241.840930
1.000000 241.840930
1.000000 241.840930
1.000000 241.840930
1.000000 241.840930
1.000000 241.840930
1.000000 241.840930
1.000000 241.840930
1.000000 322.454573
1.000000 322.454573
1.000000 322.454573
1.000000 322.454573
1.000000 322.454573
1.000000 322.454573
1.000000 322.454573
1.000000 322.454573
1.000000 322.454573
1.000000 322.454573
1.000000 403.068216
1.000000 403.068216
1.000000 403.068216
1.000000 403.068216
1.000000 403.068216
1.000000 403.068216
1.000000 403.068216
1.000000 403.068216
1.000000 403.068216
1.000000 403.068216
1.000000 483.681860
1.000000 483.681860
1.000000 483.681860
1.000000 483.681860
1.000000 483.681860
1.000000 483.681860
1.000000 483.681860
1.000000 483.681860
1.000000 483.681860
1.000000 483.681860
1.000000 564.295503
1.000000 564.295503
1.000000 564.295503
1.000000 564.295503
1.000000 564.295503
1.000000 564.295503
1.000000 564.295503
1.000000 564.295503
1.000000 564.295503
1.000000 564.295503
1.000000 644.909146
1.000000 644.909146
1.000000 644.909146
1.000000 644.909146
1.000000 644.909146
1.000000 644.909146
1.000000 644.909146
1.000000 644.909146
1.000000 644.909146
1.000000 644.909146
1.000000 725.522790
1.000000 725.522790
1.000000 725.522790
1.000000 725.522790
1.000000 725.522790
1.000000 725.522790
1.000000 725.522790
1.000000 725.522790
1.000000 725.522790
1.000000 725.522790
