1.000000 -0.000000
1.000000 -0.000000
1.000000 -0.000000
1.000000 -0.000000
1.000000 -0.000000
1.000000 -0.000000
1.000000 -0.000000
1.000000 -0.000000
1.000000 -0.000000
1.000000 -0.000000
1.000000 -27.146155
1.000000 -27.146155
1.000000 -27.146155
1.000000 -27.146155
1.000000 -27.146155
1.000000 -27.146155
1.000000 -27.146155
1.000000 -27.146155
1.000000 -27.146155
1.000000 -27.146155
1.000000 -54.292310
1.000000 -54.292310
1.000000 -54.292310
1.000000 -54.292310
1.000000 -54.292310
1.000000 -54.292310
1.000000 -54.292310
1.000000 -54.292310
1.000000 -54.292310
1.000000 -54.292310
1.000000 -81.438465
1.000000 -81.438465
1.000000 -81.438465
1.000000 -81.438465
1.000000 -81.438465
1.000000 -81.438465
1.000000 -81.438465
1.000000 -81.438465
1.000000 -81.438465
1.000000 -81.438465
1.000000 -108.584621
1.000000 -108.584621
1.000000 -108.584621
1.000000 -108.584621
1.000000 -108.584621
1.000000 -108.584621
1.000000 -108.584621
1.000000 -108.584621
1.000000 -108.584621
1.000000 -108.584621
1.000000 -135.730776
1.000000 -135.730776
1.000000 -135.730776
1.000000 -135.730776
1.000000 -135.730776
1.000000 -135.730776
1.000000 -135.730776
1.000000 -135.730776
1.000000 -135.730776
1.000000 -135.730776
1.000000 -162.876931
1.000000 -162.876931
1.000000 -162.876931
1.000000 -162.876931
1.000000 -162.876931
1.000000 -162.876931
1.000000 -162.876931
1.000000 -162.876931
1.000000 -162.876931
1.000000 -162.876931
1.000000 -190.023086
1.000000 -190.023086
1.000000 -190.023086
1.000000 -190.023086
1.000000 -190.023086
1.000000 -190.023086
1.000000 -190.023086
1.000000 -190.023086
1.000000 -190.023086
1.000000 -190.023086
1.000000 -217.169241
1.000000 -217.169241
1.000000 -217.169241
1.000000 -217.169241
1.000000 -217.169241
1.000000 -217.169241
1.000000 -217.169241
1.000000 -217.169241
1.000000 -217.169241
1.000000 -217.169241
1.000000 -244.315396
1.000000 -244.315396
1.000000 -244.315396
1.000000 -244.315396
1.000000 -244.315396
1.000000 -244.315396
1.000000 -244.315396
1.000000 -244.315396
1.000000 -244.315396
1.000000 -244.315396
