1.000000 -0.000000
1.000000 -0.000000
1.000000 -0.000000
1.000000 -0.000000
1.000000 -0.000000
1.000000 -0.000000
1.000000 -0.000000
1.000000 -0.000000
1.000000 -0.000000
1.000000 -0.000000
1.000000 -54.085712
1.000000 -54.085712
1.000000 -54.085712
1.000000 -54.085712
1.000000 -54.085712
1.000000 -54.085712
1.000000 -54.085712
1.000000 -54.085712
1.000000 -54.085712
1.000000 -54.085712
1.000000 -108.171423
1.000000 -108.171423
1.000000 -108.171423
1.000000 -108.171423
1.000000 -108.171423
1.000000 -108.171423
1.000000 -108.171423
1.000000 -108.171423
1.000000 -108.171423
1.000000 -108.171423
1.000000 -162.257135
1.000000 -162.257135
1.000000 -162.257135
1.000000 -162.257135
1.000000 -162.257135
1.000000 -162.257135
1.000000 -162.257135
1.000000 -162.257135
1.000000 -162.257135
1.000000 -162.257135
1.000000 -216.342847
1.000000 -216.342847
1.000000 -216.342847
1.000000 -216.342847
1.000000 -216.342847
1.000000 -216.342847
1.000000 -216.342847
1.000000 -216.342847
1.000000 -216.342847
1.000000 -216.342847
1.000000 -270.428558
1.000000 -270.428558
1.000000 -270.428558
1.000000 -270.428558
1.000000 -270.428558
1.000000 -270.428558
1.000000 -270.428558
1.000000 -270.428558
1.000000 -270.428558
1.000000 -270.428558
1.000000 -324.514270
1.000000 -324.514270
1.000000 -324.514270
1.000000 -324.514270
1.000000 -324.514270
1.000000 -324.514270
1.000000 -324.514270
1.000000 -324.514270
1.000000 -324.514270
1.000000 -324.514270
1.000000 -378.599982
1.000000 -378.599982
1.000000 -378.599982
1.000000 -378.599982
1.000000 -378.599982
1.000000 -378.599982
1.000000 -378.599982
1.000000 -378.599982
1.000000 -378.599982
1.000000 -378.599982
1.000000 -432.685693
1.000000 -432.685693
1.000000 -432.685693
1.000000 -432.685693
1.000000 -432.685693
1.000000 -432.685693
1.000000 -432.685693
1.000000 -432.685693
1.000000 -432.685693
1.000000 -432.685693
1.000000 -486.771405
1.000000 -486.771405
1.000000 -486.771405
1.000000 -486.771405
1.000000 -486.771405
1.000000 -486.771405
1.000000 -486.771405
1.000000 -486.771405
1.000000 -486.771405
1.000000 -486.771405
