0.417107 0.000000
0.412387 0.000000
0.412229 0.000000
0.417414 0.000000
0.428325 0.000000
0.444877 0.000000
0.466506 0.000000
0.492186 0.000000
0.520492 0.000000
0.549709 0.000000
0.577961 0.000000
0.603359 0.000000
0.624158 0.000000
0.638903 0.000000
0.646548 0.000000
0.646548 0.000000
0.638903 0.000000
0.624158 0.000000
0.603359 0.000000
0.577961 0.000000
0.549709 0.000000
0.520492 0.000000
0.492186 0.000000
0.466506 0.000000
0.444877 0.000000
0.428325 0.000000
0.417414 0.000000
0.412229 0.000000
0.412387 0.000000
0.417107 0.000000
0.412387 0.000000
0.407720 0.000000
0.407564 0.000000
0.412691 0.000000
0.423478 0.000000
0.439843 0.000000
0.461228 0.000000
0.486616 0.000000
0.514602 0.000000
0.543489 0.000000
0.571421 0.000000
0.596531 0.000000
0.617095 0.000000
0.631673 0.000000
0.639232 0.000000
0.639232 0.000000
0.631673 0.000000
0.617095 0.000000
0.596531 0.000000
0.571421 0.000000
0.543489 0.000000
0.514602 0.000000
0.486616 0.000000
0.461228 0.000000
0.439843 0.000000
0.423478 0.000000
0.412691 0.000000
0.407564 0.000000
0.407720 0.000000
0.412387 0.000000
0.412229 0.000000
0.407564 0.000000
0.407407 0.000000
0.412532 0.000000
0.423315 0.000000
0.439674 0.000000
0.461051 0.000000
0.486429 0.000000
0.514405 0.000000
0.543280 0.000000
0.571202 0.000000
0.596302 0.000000
0.616858 0.000000
0.631431 0.000000
0.638987 0.000000
0.638987 0.000000
0.631431 0.000000
0.616858 0.000000
0.596302 0.000000
0.571202 0.000000
0.543280 0.000000
0.514405 0.000000
0.486429 0.000000
0.461051 0.000000
0.439674 0.000000
0.423315 0.000000
0.412532 0.000000
0.407407 0.000000
0.407564 0.000000
0.412229 0.000000
0.417414 0.000000
0.412691 0.000000
0.412532 0.000000
0.417722 0.000000
0.428640 0.000000
0.445205 0.000000
0.466850 0.000000
0.492549 0.000000
0.520876 0.000000
0.550115 0.000000
0.578387 0.000000
0.603804 0.000000
0.624618 0.000000
0.639374 0.000000
0.647025 0.000000
0.647025 0.000000
0.639374 0.000000
0.624618 0.000000
0.603804 0.000000
0.578387 0.000000
0.550115 0.000000
0.520876 0.000000
0.492549 0.000000
0.466850 0.000000
0.445205 0.000000
0.428640 0.000000
0.417722 0.000000
0.412532 0.000000
0.412691 0.000000
0.417414 0.000000
0.428325 0.000000
0.423478 0.000000
0.423315 0.000000
0.428640 0.000000
0.439844 0.000000
0.456842 0.000000
0.479053 0.000000
0.505423 0.000000
0.534490 0.000000
0.564493 0.000000
0.593505 0.000000
0.619586 0.000000
0.640945 0.000000
0.656086 0.000000
0.663937 0.000000
0.663937 0.000000
0.656086 0.000000
0.640945 0.000000
0.619586 0.000000
0.593505 0.000000
0.564493 0.000000
0.534490 0.000000
0.505423 0.000000
0.479053 0.000000
0.456842 0.000000
0.439844 0.000000
0.428640 0.000000
0.423315 0.000000
0.423478 0.000000
0.428325 0.000000
0.444877 0.000000
0.439843 0.000000
0.439674 0.000000
0.445205 0.000000
0.456842 0.000000
0.474497 0.000000
0.497566 0.000000
0.524955 0.000000
0.555146 0.000000
0.586308 0.000000
0.616441 0.000000
0.643530 0.000000
0.665714 0.000000
0.681441 0.000000
0.689595 0.000000
0.689595 0.000000
0.681441 0.000000
0.665714 0.000000
0.643530 0.000000
0.616441 0.000000
0.586308 0.000000
0.555146 0.000000
0.524955 0.000000
0.497566 0.000000
0.474497 0.000000
0.456842 0.000000
0.445205 0.000000
0.439674 0.000000
0.439843 0.000000
0.444877 0.000000
0.466506 0.000000
0.461228 0.000000
0.461051 0.000000
0.466850 0.000000
0.479053 0.000000
0.497566 0.000000
0.521757 0.000000
0.550477 0.000000
0.582136 0.000000
0.614814 0.000000
0.646411 0.000000
0.674817 0.000000
0.698080 0.000000
0.714571 0.000000
0.723122 0.000000
0.723122 0.000000
0.714571 0.000000
0.698080 0.000000
0.674817 0.000000
0.646411 0.000000
0.614814 0.000000
0.582136 0.000000
0.550477 0.000000
0.521757 0.000000
0.497566 0.000000
0.479053 0.000000
0.466850 0.000000
0.461051 0.000000
0.461228 0.000000
0.466506 0.000000
0.492186 0.000000
0.486616 0.000000
0.486429 0.000000
0.492549 0.000000
0.505423 0.000000
0.524955 0.000000
0.550477 0.000000
0.580779 0.000000
0.614180 0.000000
0.648657 0.000000
0.681994 0.000000
0.711963 0.000000
0.736506 0.000000
0.753905 0.000000
0.762927 0.000000
0.762927 0.000000
0.753905 0.000000
0.736506 0.000000
0.711963 0.000000
0.681994 0.000000
0.648657 0.000000
0.614180 0.000000
0.580779 0.000000
0.550477 0.000000
0.524955 0.000000
0.505423 0.000000
0.492549 0.000000
0.486429 0.000000
0.486616 0.000000
0.492186 0.000000
0.520492 0.000000
0.514602 0.000000
0.514405 0.000000
0.520876 0.000000
0.534490 0.000000
0.555146 0.000000
0.582136 0.000000
0.614180 0.000000
0.649502 0.000000
0.685962 0.000000
0.721216 0.000000
0.752909 0.000000
0.778864 0.000000
0.797263 0.000000
0.806804 0.000000
0.806804 0.000000
0.797263 0.000000
0.778864 0.000000
0.752909 0.000000
0.721216 0.000000
0.685962 0.000000
0.649502 0.000000
0.614180 0.000000
0.582136 0.000000
0.555146 0.000000
0.534490 0.000000
0.520876 0.000000
0.514405 0.000000
0.514602 0.000000
0.520492 0.000000
0.549709 0.000000
0.543489 0.000000
0.543280 0.000000
0.550115 0.000000
0.564493 0.000000
0.586308 0.000000
0.614814 0.000000
0.648657 0.000000
0.685962 0.000000
0.724468 0.000000
0.761701 0.000000
0.795173 0.000000
0.822585 0.000000
0.842017 0.000000
0.852093 0.000000
0.852093 0.000000
0.842017 0.000000
0.822585 0.000000
0.795173 0.000000
0.761701 0.000000
0.724468 0.000000
0.685962 0.000000
0.648657 0.000000
0.614814 0.000000
0.586308 0.000000
0.564493 0.000000
0.550115 0.000000
0.543280 0.000000
0.543489 0.000000
0.549709 0.000000
0.577961 0.000000
0.571421 0.000000
0.571202 0.000000
0.578387 0.000000
0.593505 0.000000
0.616441 0.000000
0.646411 0.000000
0.681994 0.000000
0.721216 0.000000
0.761701 0.000000
0.800848 0.000000
0.836040 0.000000
0.864860 0.000000
0.885292 0.000000
0.895885 0.000000
0.895885 0.000000
0.885292 0.000000
0.864860 0.000000
0.836040 0.000000
0.800848 0.000000
0.761701 0.000000
0.721216 0.000000
0.681994 0.000000
0.646411 0.000000
0.616441 0.000000
0.593505 0.000000
0.578387 0.000000
0.571202 0.000000
0.571421 0.000000
0.577961 0.000000
0.603359 0.000000
0.596531 0.000000
0.596302 0.000000
0.603804 0.000000
0.619586 0.000000
0.643530 0.000000
0.674817 0.000000
0.711963 0.000000
0.752909 0.000000
0.795173 0.000000
0.836040 0.000000
0.872779 0.000000
0.902866 0.000000
0.924195 0.000000
0.935254 0.000000
0.935254 0.000000
0.924195 0.000000
0.902866 0.000000
0.872779 0.000000
0.836040 0.000000
0.795173 0.000000
0.752909 0.000000
0.711963 0.000000
0.674817 0.000000
0.643530 0.000000
0.619586 0.000000
0.603804 0.000000
0.596302 0.000000
0.596531 0.000000
0.603359 0.000000
0.624158 0.000000
0.617095 0.000000
0.616858 0.000000
0.624618 0.000000
0.640945 0.000000
0.665714 0.000000
0.698080 0.000000
0.736506 0.000000
0.778864 0.000000
0.822585 0.000000
0.864860 0.000000
0.902866 0.000000
0.933990 0.000000
0.956054 0.000000
0.967495 0.000000
0.967495 0.000000
0.956054 0.000000
0.933990 0.000000
0.902866 0.000000
0.864860 0.000000
0.822585 0.000000
0.778864 0.000000
0.736506 0.000000
0.698080 0.000000
0.665714 0.000000
0.640945 0.000000
0.624618 0.000000
0.616858 0.000000
0.617095 0.000000
0.624158 0.000000
0.638903 0.000000
0.631673 0.000000
0.631431 0.000000
0.639374 0.000000
0.656086 0.000000
0.681441 0.000000
0.714571 0.000000
0.753905 0.000000
0.797263 0.000000
0.842017 0.000000
0.885292 0.000000
0.924195 0.000000
0.956054 0.000000
0.978640 0.000000
0.990351 0.000000
0.990351 0.000000
0.978640 0.000000
0.956054 0.000000
0.924195 0.000000
0.885292 0.000000
0.842017 0.000000
0.797263 0.000000
0.753905 0.000000
0.714571 0.000000
0.681441 0.000000
0.656086 0.000000
0.639374 0.000000
0.631431 0.000000
0.631673 0.000000
0.638903 0.000000
0.646548 0.000000
0.639232 0.000000
0.638987 0.000000
0.647025 0.000000
0.663937 0.000000
0.689595 0.000000
0.723122 0.000000
0.762927 0.000000
0.806804 0.000000
0.852093 0.000000
0.895885 0.000000
0.935254 0.000000
0.967495 0.000000
0.990351 0.000000
1.002201 0.000000
1.002201 0.000000
0.990351 0.000000
0.967495 0.000000
0.935254 0.000000
0.895885 0.000000
0.852093 0.000000
0.806804 0.000000
0.762927 0.000000
0.723122 0.000000
0.689595 0.000000
0.663937 0.000000
0.647025 0.000000
0.638987 0.000000
0.639232 0.000000
0.646548 0.000000
0.646548 0.000000
0.639232 0.000000
0.638987 0.000000
0.647025 0.000000
0.663937 0.000000
0.689595 0.000000
0.723122 0.000000
0.762927 0.000000
0.806804 0.000000
0.852093 0.000000
0.895885 0.000000
0.935254 0.000000
0.967495 0.000000
0.990351 0.000000
1.002201 0.000000
1.002201 0.000000
0.990351 0.000000
0.967495 0.000000
0.935254 0.000000
0.895885 0.000000
0.852093 0.000000
0.806804 0.000000
0.762927 0.000000
0.723122 0.000000
0.689595 0.000000
0.663937 0.000000
0.647025 0.000000
0.638987 0.000000
0.639232 0.000000
0.646548 0.000000
0.638903 0.000000
0.631673 0.000000
0.631431 0.000000
0.639374 0.000000
0.656086 0.000000
0.681441 0.000000
0.714571 0.000000
0.753905 0.000000
0.797263 0.000000
0.842017 0.000000
0.885292 0.000000
0.924195 0.000000
0.956054 0.000000
0.978640 0.000000
0.990351 0.000000
0.990351 0.000000
0.978640 0.000000
0.956054 0.000000
0.924195 0.000000
0.885292 0.000000
0.842017 0.000000
0.797263 0.000000
0.753905 0.000000
0.714571 0.000000
0.681441 0.000000
0.656086 0.000000
0.639374 0.000000
0.631431 0.000000
0.631673 0.000000
0.638903 0.000000
0.624158 0.000000
0.617095 0.000000
0.616858 0.000000
0.624618 0.000000
0.640945 0.000000
0.665714 0.000000
0.698080 0.000000
0.736506 0.000000
0.778864 0.000000
0.822585 0.000000
0.864860 0.000000
0.902866 0.000000
0.933990 0.000000
0.956054 0.000000
0.967495 0.000000
0.967495 0.000000
0.956054 0.000000
0.933990 0.000000
0.902866 0.000000
0.864860 0.000000
0.822585 0.000000
0.778864 0.000000
0.736506 0.000000
0.698080 0.000000
0.665714 0.000000
0.640945 0.000000
0.624618 0.000000
0.616858 0.000000
0.617095 0.000000
0.624158 0.000000
0.603359 0.000000
0.596531 0.000000
0.596302 0.000000
0.603804 0.000000
0.619586 0.000000
0.643530 0.000000
0.674817 0.000000
0.711963 0.000000
0.752909 0.000000
0.795173 0.000000
0.836040 0.000000
0.872779 0.000000
0.902866 0.000000
0.924195 0.000000
0.935254 0.000000
0.935254 0.000000
0.924195 0.000000
0.902866 0.000000
0.872779 0.000000
0.836040 0.000000
0.795173 0.000000
0.752909 0.000000
0.711963 0.000000
0.674817 0.000000
0.643530 0.000000
0.619586 0.000000
0.603804 0.000000
0.596302 0.000000
0.596531 0.000000
0.603359 0.000000
0.577961 0.000000
0.571421 0.000000
0.571202 0.000000
0.578387 0.000000
0.593505 0.000000
0.616441 0.000000
0.646411 0.000000
0.681994 0.000000
0.721216 0.000000
0.761701 0.000000
0.800848 0.000000
0.836040 0.000000
0.864860 0.000000
0.885292 0.000000
0.895885 0.000000
0.895885 0.000000
0.885292 0.000000
0.864860 0.000000
0.836040 0.000000
0.800848 0.000000
0.761701 0.000000
0.721216 0.000000
0.681994 0.000000
0.646411 0.000000
0.616441 0.000000
0.593505 0.000000
0.578387 0.000000
0.571202 0.000000
0.571421 0.000000
0.577961 0.000000
0.549709 0.000000
0.543489 0.000000
0.543280 0.000000
0.550115 0.000000
0.564493 0.000000
0.586308 0.000000
0.614814 0.000000
0.648657 0.000000
0.685962 0.000000
0.724468 0.000000
0.761701 0.000000
0.795173 0.000000
0.822585 0.000000
0.842017 0.000000
0.852093 0.000000
0.852093 0.000000
0.842017 0.000000
0.822585 0.000000
0.795173 0.000000
0.761701 0.000000
0.724468 0.000000
0.685962 0.000000
0.648657 0.000000
0.614814 0.000000
0.586308 0.000000
0.564493 0.000000
0.550115 0.000000
0.543280 0.000000
0.543489 0.000000
0.549709 0.000000
0.520492 0.000000
0.514602 0.000000
0.514405 0.000000
0.520876 0.000000
0.534490 0.000000
0.555146 0.000000
0.582136 0.000000
0.614180 0.000000
0.649502 0.000000
0.685962 0.000000
0.721216 0.000000
0.752909 0.000000
0.778864 0.000000
0.797263 0.000000
0.806804 0.000000
0.806804 0.000000
0.797263 0.000000
0.778864 0.000000
0.752909 0.000000
0.721216 0.000000
0.685962 0.000000
0.649502 0.000000
0.614180 0.000000
0.582136 0.000000
0.555146 0.000000
0.534490 0.000000
0.520876 0.000000
0.514405 0.000000
0.514602 0.000000
0.520492 0.000000
0.492186 0.000000
0.486616 0.000000
0.486429 0.000000
0.492549 0.000000
0.505423 0.000000
0.524955 0.000000
0.550477 0.000000
0.580779 0.000000
0.614180 0.000000
0.648657 0.000000
0.681994 0.000000
0.711963 0.000000
0.736506 0.000000
0.753905 0.000000
0.762927 0.000000
0.762927 0.000000
0.753905 0.000000
0.736506 0.000000
0.711963 0.000000
0.681994 0.000000
0.648657 0.000000
0.614180 0.000000
0.580779 0.000000
0.550477 0.000000
0.524955 0.000000
0.505423 0.000000
0.492549 0.000000
0.486429 0.000000
0.486616 0.000000
0.492186 0.000000
0.466506 0.000000
0.461228 0.000000
0.461051 0.000000
0.466850 0.000000
0.479053 0.000000
0.497566 0.000000
0.521757 0.000000
0.550477 0.000000
0.582136 0.000000
0.614814 0.000000
0.646411 0.000000
0.674817 0.000000
0.698080 0.000000
0.714571 0.000000
0.723122 0.000000
0.723122 0.000000
0.714571 0.000000
0.698080 0.000000
0.674817 0.000000
0.646411 0.000000
0.614814 0.000000
0.582136 0.000000
0.550477 0.000000
0.521757 0.000000
0.497566 0.000000
0.479053 0.000000
0.466850 0.000000
0.461051 0.000000
0.461228 0.000000
0.466506 0.000000
0.444877 0.000000
0.439843 0.000000
0.439674 0.000000
0.445205 0.000000
0.456842 0.000000
0.474497 0.000000
0.497566 0.000000
0.524955 0.000000
0.555146 0.000000
0.586308 0.000000
0.616441 0.000000
0.643530 0.000000
0.665714 0.000000
0.681441 0.000000
0.689595 0.000000
0.689595 0.000000
0.681441 0.000000
0.665714 0.000000
0.643530 0.000000
0.616441 0.000000
0.586308 0.000000
0.555146 0.000000
0.524955 0.000000
0.497566 0.000000
0.474497 0.000000
0.456842 0.000000
0.445205 0.000000
0.439674 0.000000
0.439843 0.000000
0.444877 0.000000
0.428325 0.000000
0.423478 0.000000
0.423315 0.000000
0.428640 0.000000
0.439844 0.000000
0.456842 0.000000
0.479053 0.000000
0.505423 0.000000
0.534490 0.000000
0.564493 0.000000
0.593505 0.000000
0.619586 0.000000
0.640945 0.000000
0.656086 0.000000
0.663937 0.000000
0.663937 0.000000
0.656086 0.000000
0.640945 0.000000
0.619586 0.000000
0.593505 0.000000
0.564493 0.000000
0.534490 0.000000
0.505423 0.000000
0.479053 0.000000
0.456842 0.000000
0.439844 0.000000
0.428640 0.000000
0.423315 0.000000
0.423478 0.000000
0.428325 0.000000
0.417414 0.000000
0.412691 0.000000
0.412532 0.000000
0.417722 0.000000
0.428640 0.000000
0.445205 0.000000
0.466850 0.000000
0.492549 0.000000
0.520876 0.000000
0.550115 0.000000
0.578387 0.000000
0.603804 0.000000
0.624618 0.000000
0.639374 0.000000
0.647025 0.000000
0.647025 0.000000
0.639374 0.000000
0.624618 0.000000
0.603804 0.000000
0.578387 0.000000
0.550115 0.000000
0.520876 0.000000
0.492549 0.000000
0.466850 0.000000
0.445205 0.000000
0.428640 0.000000
0.417722 0.000000
0.412532 0.000000
0.412691 0.000000
0.417414 0.000000
0.412229 0.000000
0.407564 0.000000
0.407407 0.000000
0.412532 0.000000
0.423315 0.000000
0.439674 0.000000
0.461051 0.000000
0.486429 0.000000
0.514405 0.000000
0.543280 0.000000
0.571202 0.000000
0.596302 0.000000
0.616858 0.000000
0.631431 0.000000
0.638987 0.000000
0.638987 0.000000
0.631431 0.000000
0.616858 0.000000
0.596302 0.000000
0.571202 0.000000
0.543280 0.000000
0.514405 0.000000
0.486429 0.000000
0.461051 0.000000
0.439674 0.000000
0.423315 0.000000
0.412532 0.000000
0.407407 0.000000
0.407564 0.000000
0.412229 0.000000
0.412387 0.000000
0.407720 0.000000
0.407564 0.000000
0.412691 0.000000
0.423478 0.000000
0.439843 0.000000
0.461228 0.000000
0.486616 0.000000
0.514602 0.000000
0.543489 0.000000
0.571421 0.000000
0.596531 0.000000
0.617095 0.000000
0.631673 0.000000
0.639232 0.000000
0.639232 0.000000
0.631673 0.000000
0.617095 0.000000
0.596531 0.000000
0.571421 0.000000
0.543489 0.000000
0.514602 0.000000
0.486616 0.000000
0.461228 0.000000
0.439843 0.000000
0.423478 0.000000
0.412691 0.000000
0.407564 0.000000
0.407720 0.000000
0.412387 0.000000
0.417107 0.000000
0.412387 0.000000
0.412229 0.000000
0.417414 0.000000
0.428325 0.000000
0.444877 0.000000
0.466506 0.000000
0.492186 0.000000
0.520492 0.000000
0.549709 0.000000
0.577961 0.000000
0.603359 0.000000
0.624158 0.000000
0.638903 0.000000
0.646548 0.000000
0.646548 0.000000
0.638903 0.000000
0.624158 0.000000
0.603359 0.000000
0.577961 0.000000
0.549709 0.000000
0.520492 0.000000
0.492186 0.000000
0.466506 0.000000
0.444877 0.000000
0.428325 0.000000
0.417414 0.000000
0.412229 0.000000
0.412387 0.000000
0.417107 0.000000
